[version]
firstversion=2.2.0.16705
lastversion=2.2.0.16705
bootnum=1
AppVersion=2.2.0.16705
SrcVersion=2.2.0.16705


