[version]
firstversion=2.2.0.16705
lastversion=2.1.0.16495
bootnum=74
AppVersion=2.2.0.16705
SrcVersion=2.2.1.16731


